<svg version="1.1" id="Layer_1" xmlns="http://www.w3.org/2000/svg" xmlns:xlink="http://www.w3.org/1999/xlink" x="0px" y="0px"
	 width="100%" height="100%" viewBox="0 0 512 512" xml:space="preserve" fill="none">
<path fill="#212121" opacity="1.000000" stroke="none" 
	d="
M396.531342,1.000004 
	C399.504150,2.261927 402.006226,3.527990 404.512787,4.785093 
	C420.133331,12.619122 427.760376,25.627623 428.256561,42.746632 
	C428.661835,56.728233 428.352509,70.731010 428.330231,84.724358 
	C428.317413,92.762314 425.684814,95.348305 417.500854,95.356018 
	C400.342316,95.372192 383.182373,95.474213 366.026215,95.270401 
	C361.739319,95.219475 360.238373,96.397995 360.256775,100.886383 
	C360.413757,139.200943 360.367981,177.516434 360.300201,215.831528 
	C360.295563,218.467804 360.978180,220.646317 362.418304,222.797256 
	C379.743378,248.674133 395.122253,275.619751 406.274384,304.776886 
	C413.331116,323.226685 419.594421,341.906433 419.403778,362.083466 
	C419.331818,369.702820 417.033386,376.781189 414.951477,383.906799 
	C403.335663,423.663940 391.577179,463.379364 379.901581,503.119049 
	C378.909149,506.496887 377.598419,509.665131 375.140320,512.677734 
	C331.312439,513.000000 287.624878,513.000000 243.468658,513.000000 
	C236.818069,500.127258 234.508759,486.307129 232.559952,472.310211 
	C230.532791,457.750702 230.328674,443.151794 230.782288,428.550446 
	C231.069458,419.306854 232.297607,410.077240 233.425064,400.880737 
	C234.096161,395.406738 233.509827,394.370941 227.936279,394.369965 
	C189.777298,394.363464 151.615463,394.100220 113.460747,394.505493 
	C97.886765,394.670868 85.472145,382.191132 85.510994,366.690430 
	C85.779160,259.712646 85.696075,152.733856 85.611763,45.755459 
	C85.595963,25.707813 94.238853,11.477185 112.588264,3.232322 
	C113.633369,2.762728 114.598030,2.114081 115.800064,1.274384 
	C209.354233,1.000000 302.708466,1.000000 396.531342,1.000004 
M133.570938,19.384594 
	C113.221809,17.493410 104.060768,32.811005 104.123665,48.530830 
	C104.543846,153.527649 104.345207,258.526947 104.349800,363.525452 
	C104.350204,372.947174 107.014763,375.644287 116.443596,375.647461 
	C154.443054,375.660278 192.442505,375.653107 230.441971,375.647888 
	C237.623001,375.646912 237.868622,375.419556 238.591049,368.253937 
	C238.674347,367.427643 238.647232,366.588806 238.647568,365.755768 
	C238.652054,354.589264 238.438126,343.416687 238.754623,332.259125 
	C238.889069,327.519104 237.151138,326.250244 232.693405,326.302155 
	C216.695847,326.488434 200.694717,326.381866 184.694992,326.351624 
	C182.871872,326.348175 180.995560,326.363586 179.236267,325.963837 
	C173.870087,324.744385 170.243515,320.319122 170.773743,315.922821 
	C171.394409,310.776550 175.329681,307.661285 181.281586,307.657227 
	C198.614670,307.645355 215.948853,307.544769 233.280060,307.723663 
	C237.438538,307.766602 239.154526,306.373383 238.669754,302.252960 
	C238.534378,301.102356 238.501129,299.898834 238.677872,298.759430 
	C239.457870,293.730743 237.485443,292.202057 232.363022,292.255615 
	C208.032715,292.510162 183.698135,292.327576 159.365433,292.410034 
	C156.306366,292.420410 153.357849,291.967957 150.567978,290.988037 
	C146.746170,289.645691 144.659821,284.790680 145.788818,280.086700 
	C146.871155,275.577209 149.990509,273.623169 154.606979,273.630127 
	C180.939880,273.669800 207.273056,273.593872 233.605606,273.697906 
	C237.692978,273.714050 239.707275,272.643768 239.753815,268.094513 
	C239.813644,262.248260 242.626678,257.098083 246.129807,252.677505 
	C255.337769,241.057938 267.678772,237.060287 281.989838,239.888687 
	C288.891388,241.252686 295.240540,244.660980 299.921204,250.050079 
	C306.984924,258.182861 309.386505,268.057526 309.366211,278.679382 
	C309.314911,305.512238 309.301208,332.345367 309.373383,359.178131 
	C309.406219,371.375824 321.722961,379.357025 331.926422,373.799042 
	C339.567719,369.636749 341.662689,362.525543 341.661377,354.389069 
	C341.645477,255.223816 341.672852,156.058548 341.623199,56.893322 
	C341.617279,45.081463 340.825500,33.215454 346.553406,22.237957 
	C346.764008,21.834303 346.657074,21.264956 346.813812,19.386021 
	C275.953613,19.386021 205.252594,19.386021 133.570938,19.384594 
M253.351868,483.356537 
	C253.637390,484.479218 253.954254,485.595001 254.203491,486.725677 
	C256.264282,496.074799 255.761444,494.606232 264.201172,494.624176 
	C294.360535,494.688324 324.522949,494.434296 354.677307,494.829437 
	C360.778442,494.909424 363.082306,492.761139 364.649841,487.349396 
	C374.758179,452.451630 384.772858,417.519623 395.549744,382.826111 
	C399.893799,368.841461 401.606262,355.424713 397.923309,340.938873 
	C391.103668,314.115662 379.515839,289.442261 366.115631,265.487946 
	C364.718414,262.990265 363.833252,259.799347 360.347107,257.392700 
	C360.347107,260.046112 360.347351,261.680511 360.347107,263.314880 
	C360.342468,294.307465 360.392700,325.300262 360.284058,356.292480 
	C360.263794,362.075378 359.610352,367.818207 357.324036,373.301849 
	C350.735229,389.105011 333.136566,396.648956 317.655243,393.590240 
	C303.042511,390.703186 290.279205,374.649597 290.510712,361.555298 
	C290.987823,334.570129 290.601746,307.570435 290.715424,280.577332 
	C290.730377,277.024933 290.066650,273.607727 289.392029,270.233734 
	C288.234924,264.446899 282.046539,259.126892 276.491272,258.429535 
	C269.381683,257.537109 263.186279,260.723114 259.991791,267.007812 
	C257.914520,271.094543 257.347809,275.514496 257.348480,280.041412 
	C257.352844,309.201172 257.351471,338.360901 257.345581,367.520660 
	C257.345245,369.186096 257.545807,370.903656 257.219666,372.508942 
	C253.655060,390.054291 251.215530,407.689240 250.016266,425.610352 
	C248.731232,444.812897 249.810287,463.679230 253.351868,483.356537 
M393.493866,76.658165 
	C397.152924,76.657936 400.823853,76.473152 404.467743,76.707985 
	C408.318878,76.956184 409.812775,75.586899 409.717987,71.596184 
	C409.496918,62.287411 409.716370,52.969185 409.631989,43.655922 
	C409.506927,29.851667 398.696381,19.372366 384.698669,19.365973 
	C371.329834,19.359865 360.502747,30.151297 360.359100,43.763935 
	C360.262604,52.910606 360.564728,62.066883 360.247498,71.203552 
	C360.089111,75.766365 361.821320,76.867432 366.053711,76.736687 
	C374.860321,76.464638 383.681274,76.656479 393.493866,76.658165 
z"/>
<path fill="#212121" opacity="1.000000" stroke="none" 
	d="
M145.883713,148.484406 
	C144.863174,132.441742 145.473999,116.985870 153.031952,102.860802 
	C166.094864,78.447533 185.993576,63.697140 214.017563,60.576038 
	C242.003082,57.459213 265.176056,67.081528 283.038422,88.102432 
	C297.570221,105.203819 302.435120,125.729523 299.648163,148.188644 
	C297.139587,168.404541 287.639984,184.683060 272.433075,197.536926 
	C261.123352,207.096634 247.853928,212.728317 232.839905,214.555511 
	C212.012756,217.090149 193.261597,212.280991 176.623642,199.890152 
	C160.020462,187.525223 149.433624,171.174500 146.461044,150.346848 
	C146.391861,149.862091 146.151855,149.401703 145.883713,148.484406 
M223.341949,150.833527 
	C212.102036,162.099884 200.862122,173.366241 189.562073,184.692856 
	C212.014450,202.348770 247.412079,200.324707 268.699677,173.849609 
	C287.203430,150.836792 284.439667,119.701683 269.525208,104.264221 
	C254.284622,119.624786 239.050980,134.978363 223.341949,150.833527 
M205.605164,141.138184 
	C222.490631,124.225075 239.376114,107.311974 256.448883,90.211273 
	C245.821609,81.538971 233.897003,78.471992 221.550415,78.806526 
	C203.691742,79.290436 189.009857,87.062294 177.194443,100.793869 
	C162.488647,117.884567 160.053299,148.051895 172.280777,166.992157 
	C174.615311,170.608353 176.181168,170.624741 178.999451,167.750443 
	C187.622238,158.956360 196.403137,150.317337 205.605164,141.138184 
z"/>
</svg>